$ 1 0.000005 10.20027730826997 50 5 50
g 304 384 304 400 0
r 160 224 160 288 0 100000000
c 96 192 96 224 0 2.44e-10 0.001
R 384 32 384 80 0 0 40 3.3 0 0 0.5
w 384 32 288 32 0
w 288 32 240 32 0
w 240 32 240 112 0
w 240 192 240 224 0
w 96 224 96 240 2
w 96 288 96 304 0
w 96 304 160 304 2
w 160 304 160 288 0
w 240 288 240 304 0
w 240 304 304 304 0
w 304 304 304 384 0
174 288 224 288 272 0 10000 0.8762000000000001 Resistance
w 288 288 304 304 0
w 304 304 416 304 0
p 432 224 432 304 1 0
w 288 224 288 32 0
w 160 224 160 128 0
w 96 128 160 128 0
w 240 192 160 192 2
w 160 192 160 224 0
v 96 288 96 240 0 0 40 6 0 0 0.5
w 416 304 432 304 0
w 320 192 240 192 0
w 320 224 304 256 2
w 432 224 432 208 0
w 160 304 240 304 0
s 96 128 96 192 0 1 false
z 240 192 240 112 1 0.805904783 5.1
z 240 288 240 224 1 0.805904783 5.1
401 320 208 432 208 0 8_15_-15_1000000_0_0_100000 0_20_10000000000 0
r 432 96 432 160 0 1000
w 432 208 432 160 0
w 432 96 432 32 0
w 384 32 432 32 0
